list( gbar = 1.210192 , gtemp = -1.300731 , grain = 1.669929 , sbar = -1.601619 
, sgnat = 1.358938 , sgpad = 1.197756 , sfpc = 0.4266935 , srden = 1.199344 , 
selev = -1.641247 , sbd = -1.007977 , sclay = -1.620954 , spaw = 0.4817852 , 
saut = 0.5006793 , rbar = -1.024382 , vsig = 3.289505 , msig = 2.613301 , OCG 
= c( 1, 1, 1, 1, 1, 1, 1, 1, 1, 1, 1, 1, 1, 1, 1, 1, 1, 1, 1, 1, 1, 1, 1, 1, 1, 
1, 1, 1, 1, 1, 1, 1, 1, 1, 1, 1, 1, 1, 1, 1, 1, 1, 1, 1, 1, 1, 1, 1, 1, 1, 1, 
1, 1, 1, 1, 1, 1, 1, 1, 1, 1, 1, 1, 1, 1, 1, 1, 1, 1, 1, 1, 1, 1, 1, 1, 1, 1, 
1, 1, 1, 1, 1, 1, 1, 1, 1, 1, 1, 1, 1, 1, 1, 1, 1, 1, 1, 1, 1, 1, 1, 1, 1, 1, 
1, 1, 1, 1, 1, 1, 1, 1, 1, 1, 1, 1, 1, NA, 1, 1, 1, 1, 1, 1, 1, 1, 1, 1, 1, 1, 
1, 1, 1, 1, 1, 1, 1, 1, 1, 1, 1, 1, 1, 1, 1, 1, 1, 1, 1, 1, 1, 1, 1, 1, 1, 1, 
1, 1, 1, 1, 1, 1, 1, 1, 1, 1, 1, 1, 1, 1, 1, 1, 1, 1, 1, 1, 1, 1, 1, 1, 1, 1, 
1, 1, 1, 1, NA, 1, 1, 1, 1, 1, 1, 1, 1, 1, 1, 1, 1, 1, 1, 1, 1, 1, 1, 1, 1, NA, 
1, 1, NA, 1, 1, 1, 1, 1, 1, 1, 1, 1, 1, 1, 1, 1, 1, 1, 1, 1, 1, 1, 1, 1, 1, 1, 
1, 1, 1, 1, 1, 1, 1, 1, 1, 1, 1, 1, 1, 1, 1, 1, 1, NA, 1, 1, 1, 1, 1, 1, 1, 1, 
1, 1, 1, 1, 1, 1, 1, NA, 1, 1, 1, 1, 1, 1, 1, 1, 1, 1, 1, NA, 1, 1, 1, 1, 1, 1, 
1, 1, 1, 1, 1, 1, 1, 1, 1, 1, NA, 1, 1, NA, 1, 1, 1, 1, 1, 1, 1, 1, 1, 1, 1, 1, 
1, 1, 1, 1, NA, 1, 1, 1, 1, 1, 1, 1, 1, 1, 1, 1, 1, 1, 1, 1, 1, 1, 1, 1, 1, 1, 
1, 1, 1, 1, 1, 1, 1, NA, NA, 1, 1, 1, 1, 1, 1, 1, 1, 1, 1, 1, 1, 1, 1, 1, 1, 1, 
NA, 1, 1, NA, 1, 1, 1, 1, 1, 1, 1, 1, 1, 1, 1, 1, 1, 1, 1, 1, 1, 1, 1, 1, 1, 1, 
1, 1, 1, 1, 1, 1, 1, 1, 1, 1, 1, 1, 1, 1, 1, 1, 1, 1, 1, 1, 1, 1, 1, 1, 1, 1, 
1, 1, 1, 1, 1, 1, 1, 1, 1, 1, NA, 1, 1, 1, 1, 1, 1, 1, 1, 1, 1, 1, 1, 1, 1, NA, 
1, 1, 1, 1, 1, 1, 1, 1, 1, 1, 1, 1, NA, 1, 1, 1, 1, 1, 1, 1, 1, 1, 1, 1, 1, 1, 
1, 1, 1, 1, 1, 1, 1, NA, NA, 1, 1, 1, 1, 1, 1, 1, 1, 1, 1, 1, 1, 1, 1, 1, 1, 1, 
1, 1, 1, NA, 1, 1, 1, 1, 1, 1, 1, 1, 1, 1, 1, 1, 1, 1, 1, 1, 1, 1, 1, 1, 1, 1, 
1, 1, 1, 1, 1, 1, 1, 1, 1, 1, 1, 1, 1, 1, 1, 1, 1, 1, 1, 1, 1, 1, NA, 1, 1, 1, 
1, 1, 1, 1, 1, 1, NA, 1, NA, 1, 1, 1, 1, 1, NA, 1, 1, 1, 1, NA, 1, 1, 1, 1, 1, 
1, 1, 1, 1, 1, 1, NA, 1, 1, 1, 1, 1, NA, 1, 1, 1, 1, 1, 1, 1, 1, 1, 1, 1, 1, 1, 
1, 1, 1, 1, NA, 1, 1, 1, 1, 1, 1, 1, 1, 1, 1, 1, 1, 1, 1, 1, 1, 1, 1, 1, 1, 1, 
NA, NA, NA, 1, NA, 1, 1, 1, 1, 1, 1, 1, 1, 1, 1, 1, 1, 1, 1, 1, 1, 1, 1, 1, 1, 
1, NA, 1, 1, 1, 1, 1, 1, 1, 1, 1, NA, 1, 1, 1, 1, 1, 1, 1, 1, 1, 1, 1, 1, 1, 1, 
NA, NA, 1, 1, 1, 1, 1, 1, 1, 1, 1, 1, 1, 1, 1, 1, 1, 1, 1, 1, 1, 1, NA, 1, NA, 
1, NA, 1, 1, 1, 1, 1, 1, 1, 1, 1, 1, 1, 1, 1, 1, 1, 1, 1, 1, NA, 1, NA, NA, NA, 
1, 1, 1, 1, 1, 1, 1, 1, 1, 1, 1, 1, 1, 1, 1, 1, 1, 1, 1, 1, 1, 1, NA, NA, 1, 1, 
1, 1, 1, 1, 1, 1, 1, 1, 1, 1, 1, 1, 1, 1, 1, 1, 1, 1, 1, 1, 1, 1, 1, 1, 1, 1, 
1, 1, 1, 1, 1, 1, 1, 1, 1, 1, 1, 1, NA, 1, 1, 1, 1, 1, 1, 1, 1, 1, 1, 1, 1, 1, 
1, 1, 1, 1, 1, 1, 1, 1, 1, 1, 1, 1, 1, 1, 1, 1, 1, 1, 1, 1, 1, 1, 1, 1, 1, 1, 
1, 1, 1, 1, 1, 1, 1, 1, 1, 1, 1, 1, 1, 1, 1, 1, 1, 1, 1, 1, 1, 1, 1, 1, 1, 1, 
1, 1, 1, 1, 1, 1, 1, 1, 1, 1, 1, 1, NA, 1, NA, 1, 1, 1, 1, 1, 1, 1, 1, 1, 1, 1, 
1, 1, 1, 1, 1, 1, 1, 1, 1, 1, 1, 1, NA, 1, 1, 1, 1, 1, 1, 1, 1, 1, 1, 1, 1, 1, 
1, 1, 1, 1, NA, 1, 1, 1, 1, 1, 1, 1, NA, 1, 1, 1, 1, 1, 1, 1, 1, 1, 1, 1, 1, 1, 
1, 1, 1, 1, 1, 1, 1, 1, 1, 1, 1, 1, 1, 1, 1, NA, NA, 1, 1, 1, 1, 1, 1, 1, 1, 1, 
NA, 1, 1, NA, 1, 1, 1, 1, 1, 1, 1, 1, 1, 1, 1, NA, 1, 1, 1, 1, 1, 1, 1, 1, 1, 
1, 1, 1, 1, 1, 1, 1, 1, 1, 1, 1, 1, 1, 1, 1, 1, 1, 1, 1, 1, 1, 1, 1, 1, 1, 1, 
1, 1, 1, 1, 1, 1, 1, 1, 1, 1, 1, 1, 1, 1, 1, 1, 1, 1, 1, 1, 1, 1, 1, 1, 1, 1, 
1, 1, 1, 1, 1, 1, 1, 1, 1, 1, 1, 1, 1, 1, 1, 1, 1, 1, NA, 1, 1, 1, 1, 1, 1, 1, 
1, NA, NA, NA, 1, 1, 1, 1, 1, 1, 1, 1, 1, 1, 1, 1, 1, 1, 1, 1, 1, 1, 1, 1, 1, 
1, 1, 1, 1, NA, NA, 1, 1, 1, 1, 1, 1, 1, 1, 1, 1, NA, 1, 1, 1, NA, 1, 1, 1, 1, 
1, 1, 1, NA, 1, 1, NA, 1, 1, 1, 1, 1, 1, 1, 1, 1, 1, 1, NA, 1, 1, NA, NA, NA, 
1, 1, 1, 1, 1, 1, 1, 1, 1, 1, 1, 1, 1, 1, 1, 1, 1, 1, 1, 1, 1, 1, 1, NA, NA, 1, 
1, 1, 1, 1, 1, 1, 1, 1, 1, 1, 1, 1, 1, 1, 1, 1, 1, 1, 1, 1, 1, 1, 1, 1, 1, 1, 
1, 1, 1, 1, 1, 1, 1, 1, 1, 1, 1, 1, 1, 1, 1, 1, 1, 1, 1, 1, 1, 1, 1, 1, 1, 1, 
1, 1, 1, 1, 1, 1, 1, 1, 1, 1, 1, 1, 1, 1, 1, 1, 1, 1, 1, NA, NA, 1, 1, 1, 1, 1, 
1, 1, 1, 1, 1, 1, 1, 1, 1, 1, 1, 1, 1, 1, 1, 1, NA, 1, 1, 1, 1, 1, 1, 1, 1, 1, 
1, 1, 1, 1, 1, 1, 1, 1, 1, 1, 1, 1, NA, NA, 1, 1, 1, 1, 1, 1, 1, 1, 1, 1, 1, 1, 
1, 1, 1, 1, 1, 1, 1, 1, 1, 1, 1, 1, 1, 1, 1, 1, 1, 1, 1, 1, 1, 1, 1, 1, 1, 1, 
1, 1, 1, 1, 1, 1, 1, 1, 1, 1, 1, 1, 1, 1, 1, 1, 1, 1, 1, 1, 1, NA, 1, 1, 1, 1, 
1, 1, 1, 1, 1, 1, 1, 1, 1, 1, 1, 1, 1, 1, 1, 1, 1, 1, 1, 1, 1, 1, 1, 1, 1, 1, 
1, 1, 1, 1, 1, 1, 1, 1, 1, 1, 1, 1, 1, 1, 1, 1, 1, 1, 1, 1, 1, 1, 1, 1, 1, 1, 
1, 1, 1, 1, 1, 1, 1, 1, 1, 1, 1, 1, 1, 1, 1, 1, 1, 1, 1, 1, 1, 1, 1, 1, 1, NA, 
1, 1, 1, 1, 1, 1, 1, 1, 1, 1, 1, 1, 1, 1, 1, 1, 1, 1, 1, 1, 1, 1, 1, 1, 1, 1, 
1, 1, 1, 1, 1, 1, 1, 1, 1, 1, 1, 1, 1, 1, 1, 1, 1, NA, NA, 1, NA, 1, 1, 1, 1, 
1, 1, NA, NA, NA, 1, 1, 1, 1, 1, 1, 1, 1, 1) , OCS = structure(.Data = c( 0, 
NA, NA, NA, 0, NA, NA, NA, 0, NA, NA, NA, 1, NA, NA, NA, 1, NA, NA, NA, 1, NA, 
NA, NA, 0, 1, 0, NA, 1, 0, NA, NA, 0, NA, NA, NA, 1, 1, NA, NA, 1, NA, NA, NA, 
0, 0, NA, NA, 0, NA, NA, NA, 0, 1, 0, NA, 0, NA, NA, NA, 1, 0, 0, 1, 1, 1, NA, 
NA, 0, NA, NA, NA, 0, NA, NA, NA, 0, NA, NA, NA, 1, 0, 0, NA, 0, NA, NA, NA, 1, 
NA, NA, NA, 0, NA, NA, NA, 1, NA, NA, NA, 0, NA, NA, NA, 0, NA, NA, NA, 0, 0, 
NA, NA, 0, 0, NA, NA, 0, 0, 0, NA, 0, 0, NA, NA, 0, 0, NA, NA, 0, NA, NA, NA, 
0, NA, NA, NA, 0, 0, NA, NA, 0, 0, NA, NA, 0, 0, 0, NA, 0, NA, NA, NA, 0, NA, 
NA, NA, 1, 0, 0, NA, 0, NA, NA, NA, 0, NA, NA, NA, 0, NA, NA, NA, 0, NA, NA, 
NA, 0, 0, 0, 0, 0, 1, NA, NA, 0, 0, NA, NA, 0, NA, NA, NA, 0, 1, NA, NA, 0, NA, 
NA, NA, 0, NA, NA, NA, 0, NA, NA, NA, 1, 1, NA, NA, 0, 1, NA, NA, 0, 0, 0, NA, 
0, NA, NA, NA, 1, NA, NA, NA, 0, NA, NA, NA, 0, NA, NA, NA, 0, 0, 0, NA, 0, NA, 
NA, NA, 0, NA, NA, NA, 0, NA, NA, NA, 0, 0, NA, NA, 0, 0, NA, NA, 1, NA, NA, 
NA, 0, NA, NA, NA, 1, NA, NA, NA, 0, 1, NA, NA, 0, NA, NA, NA, 1, 1, NA, NA, 0, 
NA, NA, NA, 0, NA, NA, NA, 0, NA, NA, NA, 0, NA, NA, NA, 0, NA, NA, NA, 0, 0, 
NA, NA, 1, NA, NA, NA, 0, NA, NA, NA, 1, NA, NA, NA, 0, NA, NA, NA, 0, NA, NA, 
NA, 0, 0, 0, NA, 1, NA, NA, NA, 0, 0, NA, NA, 0, NA, NA, NA, 0, 0, 0, NA), 
.Dim=c( 87, 4 )) , gdbar = -0.05118556 , gdres = -1.588272 , gdsig = 0.3392403 
, sveg = c( 0, 0, 0, 0, 0, 0, 0, 0) , rmon = c( 0, 0, 0, 0, 0, 0, 0, 0, 0, 0, 
0, 0) )
