list( gbar = 1.372672 , gtemp = -1.481681 , grain = -0.100444 , sbar = 0.944384 
, sgnat = 1.1031 , sgpad = 1.004883 , sfpc = -1.728572 , srden = -0.07701119 , 
selev = -1.169232 , sbd = 0.257779 , sclay = 0.8903966 , spaw = -1.107462 , 
saut = 3.023911 , rbar = 0.7187 , vsig = 1.812691 , msig = 3.826331 , OCG = c( 
1, 1, 1, 1, 1, 1, 1, 1, 1, 1, 1, 1, 1, 1, 1, 1, 1, 1, 1, 1, 1, 1, 1, 1, 1, 1, 
1, 1, 1, 1, 1, 1, 1, 1, 1, 1, 1, 1, 1, 1, 1, 1, 1, 1, 1, 1, 1, 1, 1, 1, 1, 1, 
1, 1, 1, 1, 1, 1, 1, 1, 1, 1, 1, 1, 1, 1, 1, 1, 1, 1, 1, 1, 1, 1, 1, 1, 1, 1, 
1, 1, 1, 1, 1, 1, 1, 1, 1, 1, 1, 1, 1, 1, 1, 1, 1, 1, 1, 1, 1, 1, 1, 1, 1, 1, 
1, 1, 1, 1, 1, 1, 1, 1, 1, 1, 1, 1, 1, 1, 1, 1, 1, 1, 1, 1, 1, 1, 1, 1, 1, 1, 
1, 1, 1, 1, 1, 1, 1, 1, 1, 1, 1, 1, 1, 1, 1, 1, 1, 1, 1, 1, 1, 1, 1, 1, 1, 1, 
1, 1, 1, 1, 1, 1, 1, 1, 1, 1, 1, 1, 1, 1, 1, 1, 1, 1, 1, 1, 1, 1, 1, 1, 1, 1, 
1, 1, 1, 1, 1, 1, 1, 1, 1, 1, 1, 1, 1, 1, 1, 1, 1, 1, 1, 1, 1, 1, 1, 1, NA, 1, 
1, 1, 1, 1, 1, 1, 1, 1, 1, 1, 1, 1, 1, 1, 1, 1, 1, 1, 1, 1, 1, 1, 1, 1, 1, 1, 
1, 1, 1, 1, 1, 1, 1, 1, 1, 1, 1, 1, 1, 1, 1, 1, 1, 1, 1, 1, 1, 1, 1, 1, 1, 1, 
1, 1, 1, 1, 1, 1, 1, 1, 1, 1, 1, 1, 1, 1, 1, 1, 1, 1, 1, 1, 1, 1, 1, 1, 1, 1, 
1, 1, 1, 1, 1, 1, 1, 1, 1, 1, 1, 1, 1, NA, 1, 1, 1, 1, 1, 1, 1, 1, 1, 1, 1, 1, 
1, 1, 1, NA, 1, 1, 1, 1, 1, 1, 1, 1, 1, 1, 1, 1, 1, 1, 1, 1, 1, 1, 1, 1, 1, 1, 
1, 1, 1, 1, 1, 1, 1, 1, 1, 1, 1, 1, 1, 1, 1, 1, 1, 1, 1, 1, 1, 1, NA, 1, 1, 1, 
1, 1, 1, 1, 1, 1, 1, 1, 1, 1, 1, 1, 1, 1, 1, 1, 1, 1, 1, 1, 1, 1, 1, 1, 1, 1, 
1, 1, 1, 1, 1, 1, 1, 1, 1, 1, 1, 1, 1, 1, 1, 1, 1, 1, 1, 1, 1, 1, 1, 1, 1, 1, 
1, 1, 1, 1, 1, 1, 1, 1, 1, 1, 1, 1, 1, 1, 1, 1, 1, 1, 1, 1, 1, 1, 1, 1, 1, 1, 
1, 1, 1, 1, 1, 1, 1, 1, 1, NA, 1, 1, 1, 1, NA, 1, 1, 1, 1, 1, 1, 1, 1, 1, 1, 1, 
1, 1, 1, 1, 1, 1, 1, 1, 1, 1, 1, 1, 1, 1, 1, 1, 1, 1, 1, 1, 1, 1, 1, 1, 1, NA, 
NA, 1, 1, NA, 1, 1, 1, 1, 1, 1, 1, 1, 1, 1, 1, 1, 1, 1, 1, 1, 1, 1, 1, 1, 1, 1, 
1, 1, 1, 1, 1, 1, 1, 1, 1, 1, 1, 1, 1, 1, 1, 1, 1, 1, 1, 1, 1, 1, 1, NA, 1, 1, 
1, 1, 1, 1, 1, 1, 1, 1, 1, 1, 1, 1, 1, 1, NA, 1, 1, 1, NA, NA, 1, 1, 1, 1, 1, 
1, 1, 1, 1, 1, 1, NA, 1, 1, 1, 1, 1, NA, 1, 1, 1, 1, 1, 1, 1, 1, 1, 1, 1, 1, 1, 
1, 1, 1, 1, 1, 1, 1, 1, 1, 1, NA, 1, 1, NA, 1, 1, 1, 1, 1, 1, 1, 1, 1, 1, 1, 
NA, 1, 1, 1, 1, 1, 1, 1, 1, 1, 1, 1, 1, 1, 1, 1, 1, 1, 1, 1, 1, 1, 1, 1, 1, 1, 
1, 1, 1, NA, 1, NA, 1, 1, 1, 1, NA, 1, 1, 1, 1, 1, 1, 1, 1, 1, 1, 1, 1, 1, 1, 
1, NA, NA, NA, NA, 1, 1, 1, 1, 1, 1, 1, 1, 1, 1, 1, 1, 1, 1, 1, 1, 1, 1, 1, 1, 
1, NA, 1, NA, 1, 1, NA, 1, 1, 1, NA, 1, 1, 1, 1, 1, 1, 1, NA, 1, 1, 1, NA, 1, 
NA, NA, 1, 1, 1, 1, 1, 1, 1, 1, 1, 1, 1, 1, 1, 1, 1, 1, 1, 1, 1, 1, NA, 1, 1, 
1, NA, NA, NA, 1, 1, 1, 1, 1, NA, NA, NA, 1, 1, 1, 1, 1, 1, 1, 1, 1, 1, 1, 1, 
1, 1, NA, 1, NA, 1, 1, NA, 1, NA, NA, NA, 1, NA, NA, 1, NA, NA, 1, 1, 1, 1, 1, 
1, 1, 1, 1, 1, 1, NA, NA, NA, 1, 1, 1, NA, NA, 1, NA, 1, 1, 1, NA, 1, 1, 1, 1, 
1, 1, 1, 1, 1, 1, 1, 1, 1, NA, NA, 1, 1, 1, 1, 1, NA, 1, 1, 1, 1, 1, 1, 1, NA, 
NA, 1, 1, 1, 1, 1, 1, 1, 1, 1, 1, 1, NA, NA, 1, 1, 1, 1, NA, 1, 1, 1, 1, 1, NA, 
1, 1, 1, 1, 1, 1, 1, 1, 1, 1, 1, 1, 1, 1, 1, 1, 1, NA, 1, NA, NA, 1, 1, 1, 1, 
NA, NA, 1, 1, 1, 1, 1, 1, 1, 1, 1, 1, 1, 1, NA, 1, 1, 1, NA, 1, NA, NA, 1, NA, 
NA, 1, 1, NA, 1, 1, 1, 1, 1, 1, 1, 1, 1, 1, 1, 1, 1, 1, 1, 1, NA, 1, 1, 1, 1, 
1, 1, 1, 1, NA, NA, 1, 1, 1, 1, 1, 1, 1, 1, 1, 1, NA, 1, 1, 1, NA, 1, 1, 1, 1, 
1, 1, 1, 1, 1, 1, 1, 1, 1, 1, 1, 1, 1, 1, 1, 1, 1, NA, NA, 1, 1, 1, 1, 1, 1, 1, 
1, 1, 1, 1, 1, 1, 1, 1, 1, 1, 1, 1, 1, 1, 1, 1, 1, 1, 1, 1, 1, NA, 1, 1, 1, 1, 
1, 1, 1, 1, 1, 1, 1, 1, 1, 1, 1, 1, 1, 1, 1, 1, 1, 1, 1, 1, 1, 1, 1, 1, 1, 1, 
1, 1, 1, 1, 1, 1, 1, NA, 1, 1, 1, 1, 1, 1, 1, 1, 1, 1, 1, 1, 1, 1, 1, 1, 1, 1, 
1, 1, 1, 1, 1, 1, 1, 1, 1, 1, 1, 1, 1, 1, 1, 1, 1, 1, 1, 1, 1, 1, 1, 1, NA, 1, 
1, 1, 1, 1, NA, 1, 1, 1, 1, 1, 1, 1, 1, 1, 1, 1, 1, 1, 1, 1, 1, 1, 1, 1, 1, 1, 
1, NA, 1, 1, 1, NA, 1, 1, NA, NA, NA, NA, 1, 1, 1, 1, 1, 1, 1, 1, 1, 1, 1, 1, 
1, 1, 1, 1, 1, 1, 1, 1, 1, 1, NA, 1, 1, NA, 1, 1, 1, 1, 1, 1, 1, 1, 1, 1, 1, 1, 
1, 1, 1, 1, 1, 1, 1, 1, 1, 1, 1, 1, 1, 1, 1, 1, 1, 1, 1, 1, 1, 1, 1, 1, 1, 1, 
1, 1, 1, 1, 1, 1, NA, 1, 1, NA, 1, 1, 1, 1, 1, 1, 1, 1, 1, 1, 1, 1, 1, 1, 1, 1, 
1, 1, 1, 1, 1, 1, NA, 1, 1, 1, 1, 1, 1, 1, 1, 1, 1, 1, 1, 1, 1, 1, 1, 1, 1, 1, 
1, 1, 1, NA, 1, 1, 1, 1, 1, 1, 1, 1, 1, 1, 1, 1, 1, 1, 1, 1, 1, 1, 1, 1, 1, 1, 
NA, 1, 1, 1, 1, 1, 1, 1, 1, 1, 1, 1, 1, 1, 1, 1, 1, 1, 1, 1, 1, 1, 1, 1, 1, 1, 
1, 1, 1, 1, 1, 1, 1, 1, 1, 1, 1, 1, 1, 1, 1, 1, 1, 1, 1, 1, 1, 1, 1, 1, 1, 1, 
1, 1, 1, 1, 1, 1, 1, 1, 1, 1, 1, 1, 1, 1, 1, 1, 1, 1, 1, 1, 1, 1, 1, 1, 1, 1, 
1, 1, 1, 1, 1, 1, 1, 1, 1, 1, 1, 1, 1, 1, 1, 1, 1, 1, 1, 1, 1, 1, 1, 1, 1, 1, 
1, 1, 1, 1, NA, 1, 1, 1, 1, 1, 1, 1, 1, 1, 1, 1, 1, 1, 1, 1, 1, NA, 1, 1, 1, 1, 
1, 1, 1, NA, 1, 1, 1, 1, 1, 1, 1, 1, 1, 1, 1, 1, 1, 1, 1, NA, 1, 1, 1, 1, 1, 1, 
1, 1, 1, 1, 1, 1, 1, 1, 1, 1, 1, 1, 1, 1, 1, 1, 1, 1, 1, 1, 1, 1, 1, 1, 1, 1, 
1, 1, 1, 1, 1, 1, 1, 1, 1, 1, 1, 1, 1, 1, 1, 1, 1, 1, 1, 1, 1, 1, 1, 1, 1, 1) , 
OCS = structure(.Data = c( 0, NA, NA, NA, 0, NA, NA, NA, 0, NA, NA, NA, 0, NA, 
NA, NA, 0, NA, NA, NA, 0, NA, NA, NA, 1, 0, 0, NA, 0, 0, NA, NA, 1, NA, NA, NA, 
1, 0, NA, NA, 1, NA, NA, NA, 1, 1, NA, NA, 1, NA, NA, NA, 1, 0, 1, NA, 0, NA, 
NA, NA, 0, 0, 0, 0, 1, 0, NA, NA, 0, NA, NA, NA, 0, NA, NA, NA, 0, NA, NA, NA, 
0, 0, 0, NA, 0, NA, NA, NA, 0, NA, NA, NA, 1, NA, NA, NA, 1, NA, NA, NA, 0, NA, 
NA, NA, 0, NA, NA, NA, 0, 0, NA, NA, 0, 0, NA, NA, 1, 0, 0, NA, 1, 0, NA, NA, 
1, 0, NA, NA, 0, NA, NA, NA, 0, NA, NA, NA, 0, 0, NA, NA, 0, 1, NA, NA, 0, 0, 
0, NA, 0, NA, NA, NA, 0, NA, NA, NA, 0, 1, 0, NA, 0, NA, NA, NA, 0, NA, NA, NA, 
0, NA, NA, NA, 0, NA, NA, NA, 0, 0, 0, 0, 0, 0, NA, NA, 1, 1, NA, NA, 0, NA, 
NA, NA, 0, 0, NA, NA, 0, NA, NA, NA, 0, NA, NA, NA, 1, NA, NA, NA, 1, 1, NA, 
NA, 0, 0, NA, NA, 0, 0, 1, NA, 0, NA, NA, NA, 1, NA, NA, NA, 0, NA, NA, NA, 0, 
NA, NA, NA, 0, 1, 0, NA, 1, NA, NA, NA, 1, NA, NA, NA, 1, NA, NA, NA, 1, 0, NA, 
NA, 0, 0, NA, NA, 0, NA, NA, NA, 0, NA, NA, NA, 0, NA, NA, NA, 1, 1, NA, NA, 0, 
NA, NA, NA, 0, 0, NA, NA, 1, NA, NA, NA, 1, NA, NA, NA, 0, NA, NA, NA, 0, NA, 
NA, NA, 0, NA, NA, NA, 0, 0, NA, NA, 0, NA, NA, NA, 0, NA, NA, NA, 0, NA, NA, 
NA, 1, NA, NA, NA, 0, NA, NA, NA, 0, 0, 0, NA, 0, NA, NA, NA, 0, 0, NA, NA, 0, 
NA, NA, NA, 0, 0, 0, NA), .Dim=c( 87, 4 )) , gdbar = 0.5998285 , gdres = 
-1.230764 , gdsig = 1.374205 , sveg = c( 0, 0, 0, 0, 0, 0, 0, 0) , rmon = c( 0, 
0, 0, 0, 0, 0, 0, 0, 0, 0, 0, 0) )
