list( gbar = -0.4687433 , gtemp = -1.793179 , grain = 1.287987 , sbar = 
-1.36635 , sgnat = 1.170131 , sgpad = 1.151178 , sfpc = -1.49719 , srden = 
0.02905524 , selev = -1.567985 , sbd = 0.492501 , sclay = 1.945336 , spaw = 
-0.1111577 , saut = 2.639825 , rbar = -0.3523452 , vsig = 1.1771 , msig = 
3.669188 , OCG = c( 1, 1, 1, 1, 1, 1, 1, 1, 1, 1, 1, 1, 1, 1, 1, 1, 1, 1, 1, 1, 
1, 1, 1, 1, 1, 1, 1, 1, 1, 1, 1, 1, 1, 1, 1, 1, 1, 1, 1, 1, 1, 1, 1, 1, 1, 1, 
1, 1, 1, 1, 1, 1, 1, 1, 1, 1, 1, 1, 1, 1, 1, 1, 1, 1, 1, 1, 1, 1, 1, 1, 1, 1, 
1, 1, 1, 1, 1, 1, 1, 1, 1, 1, 1, 1, 1, 1, 1, 1, 1, 1, 1, 1, 1, 1, 1, 1, 1, 1, 
1, 1, 1, 1, 1, 1, 1, 1, 1, 1, 1, 1, 1, 1, 1, 1, 1, 1, NA, 1, 1, 1, 1, 1, 1, 1, 
1, 1, 1, 1, 1, 1, 1, 1, 1, 1, 1, 1, 1, 1, 1, 1, 1, 1, 1, 1, 1, 1, 1, 1, 1, 1, 
1, 1, 1, 1, 1, 1, 1, 1, 1, 1, 1, 1, 1, 1, 1, 1, 1, 1, 1, 1, 1, 1, 1, 1, 1, 1, 
1, 1, 1, 1, 1, 1, 1, 1, 1, NA, 1, 1, 1, 1, 1, 1, 1, 1, 1, 1, 1, 1, 1, 1, 1, 1, 
1, 1, 1, 1, NA, 1, 1, NA, 1, 1, 1, 1, 1, 1, 1, 1, 1, 1, 1, 1, 1, 1, 1, 1, 1, 1, 
1, 1, 1, 1, 1, 1, 1, 1, 1, 1, 1, 1, 1, 1, 1, 1, 1, 1, 1, 1, 1, 1, NA, 1, 1, 1, 
1, 1, 1, 1, 1, 1, 1, 1, 1, 1, 1, 1, NA, 1, 1, 1, 1, 1, 1, 1, 1, 1, 1, 1, NA, 1, 
1, 1, 1, 1, 1, 1, 1, 1, 1, 1, 1, 1, 1, 1, 1, NA, 1, 1, NA, 1, 1, 1, 1, 1, 1, 1, 
1, 1, 1, 1, 1, 1, 1, 1, 1, NA, 1, 1, 1, 1, 1, 1, 1, 1, 1, 1, 1, 1, 1, 1, 1, 1, 
1, 1, 1, 1, 1, 1, 1, 1, 1, 1, 1, 1, NA, NA, 1, 1, 1, 1, 1, 1, 1, 1, 1, 1, 1, 1, 
1, 1, 1, 1, 1, NA, 1, 1, NA, 1, 1, 1, 1, 1, 1, 1, 1, 1, 1, 1, 1, 1, 1, 1, 1, 1, 
1, 1, 1, 1, 1, 1, 1, 1, 1, 1, 1, 1, 1, 1, 1, 1, 1, 1, 1, 1, 1, 1, 1, 1, 1, 1, 
1, 1, 1, 1, 1, 1, 1, 1, 1, 1, 1, 1, 1, 1, 1, NA, 1, 1, 1, 1, 1, 1, 1, 1, 1, 1, 
1, 1, 1, 1, NA, 1, 1, 1, 1, 1, 1, 1, 1, 1, 1, 1, 1, NA, 1, 1, 1, 1, 1, 1, 1, 1, 
1, 1, 1, 1, 1, 1, 1, 1, 1, 1, 1, 1, NA, NA, 1, 1, 1, 1, 1, 1, 1, 1, 1, 1, 1, 1, 
1, 1, 1, 1, 1, 1, 1, 1, NA, 1, 1, 1, 1, 1, 1, 1, 1, 1, 1, 1, 1, 1, 1, 1, 1, 1, 
1, 1, 1, 1, 1, 1, 1, 1, 1, 1, 1, 1, 1, 1, 1, 1, 1, 1, 1, 1, 1, 1, 1, 1, 1, 1, 
1, NA, 1, 1, 1, 1, 1, 1, 1, 1, 1, NA, 1, NA, 1, 1, 1, 1, 1, NA, 1, 1, 1, 1, NA, 
1, 1, 1, 1, 1, 1, 1, 1, 1, 1, 1, NA, 1, 1, 1, 1, 1, NA, 1, 1, 1, 1, 1, 1, 1, 1, 
1, 1, 1, 1, 1, 1, 1, 1, 1, NA, 1, 1, 1, 1, 1, 1, 1, 1, 1, 1, 1, 1, 1, 1, 1, 1, 
1, 1, 1, 1, 1, NA, NA, NA, 1, NA, 1, 1, 1, 1, 1, 1, 1, 1, 1, 1, 1, 1, 1, 1, 1, 
1, 1, 1, 1, 1, 1, NA, 1, 1, 1, 1, 1, 1, 1, 1, 1, NA, 1, 1, 1, 1, 1, 1, 1, 1, 1, 
1, 1, 1, 1, 1, NA, NA, 1, 1, 1, 1, 1, 1, 1, 1, 1, 1, 1, 1, 1, 1, 1, 1, 1, 1, 1, 
1, NA, 1, NA, 1, NA, 1, 1, 1, 1, 1, 1, 1, 1, 1, 1, 1, 1, 1, 1, 1, 1, 1, 1, NA, 
1, NA, NA, NA, 1, 1, 1, 1, 1, 1, 1, 1, 1, 1, 1, 1, 1, 1, 1, 1, 1, 1, 1, 1, 1, 
1, NA, NA, 1, 1, 1, 1, 1, 1, 1, 1, 1, 1, 1, 1, 1, 1, 1, 1, 1, 1, 1, 1, 1, 1, 1, 
1, 1, 1, 1, 1, 1, 1, 1, 1, 1, 1, 1, 1, 1, 1, 1, 1, NA, 1, 1, 1, 1, 1, 1, 1, 1, 
1, 1, 1, 1, 1, 1, 1, 1, 1, 1, 1, 1, 1, 1, 1, 1, 1, 1, 1, 1, 1, 1, 1, 1, 1, 1, 
1, 1, 1, 1, 1, 1, 1, 1, 1, 1, 1, 1, 1, 1, 1, 1, 1, 1, 1, 1, 1, 1, 1, 1, 1, 1, 
1, 1, 1, 1, 1, 1, 1, 1, 1, 1, 1, 1, 1, 1, 1, 1, 1, NA, 1, NA, 1, 1, 1, 1, 1, 1, 
1, 1, 1, 1, 1, 1, 1, 1, 1, 1, 1, 1, 1, 1, 1, 1, 1, NA, 1, 1, 1, 1, 1, 1, 1, 1, 
1, 1, 1, 1, 1, 1, 1, 1, 1, NA, 1, 1, 1, 1, 1, 1, 1, NA, 1, 1, 1, 1, 1, 1, 1, 1, 
1, 1, 1, 1, 1, 1, 1, 1, 1, 1, 1, 1, 1, 1, 1, 1, 1, 1, 1, 1, NA, NA, 1, 1, 1, 1, 
1, 1, 1, 1, 1, NA, 1, 1, NA, 1, 1, 1, 1, 1, 1, 1, 1, 1, 1, 1, NA, 1, 1, 1, 1, 
1, 1, 1, 1, 1, 1, 1, 1, 1, 1, 1, 1, 1, 1, 1, 1, 1, 1, 1, 1, 1, 1, 1, 1, 1, 1, 
1, 1, 1, 1, 1, 1, 1, 1, 1, 1, 1, 1, 1, 1, 1, 1, 1, 1, 1, 1, 1, 1, 1, 1, 1, 1, 
1, 1, 1, 1, 1, 1, 1, 1, 1, 1, 1, 1, 1, 1, 1, 1, 1, 1, 1, 1, 1, 1, 1, NA, 1, 1, 
1, 1, 1, 1, 1, 1, NA, NA, NA, 1, 1, 1, 1, 1, 1, 1, 1, 1, 1, 1, 1, 1, 1, 1, 1, 
1, 1, 1, 1, 1, 1, 1, 1, 1, NA, NA, 1, 1, 1, 1, 1, 1, 1, 1, 1, 1, NA, 1, 1, 1, 
NA, 1, 1, 1, 1, 1, 1, 1, NA, 1, 1, NA, 1, 1, 1, 1, 1, 1, 1, 1, 1, 1, 1, NA, 1, 
1, NA, NA, NA, 1, 1, 1, 1, 1, 1, 1, 1, 1, 1, 1, 1, 1, 1, 1, 1, 1, 1, 1, 1, 1, 
1, 1, NA, NA, 1, 1, 1, 1, 1, 1, 1, 1, 1, 1, 1, 1, 1, 1, 1, 1, 1, 1, 1, 1, 1, 1, 
1, 1, 1, 1, 1, 1, 1, 1, 1, 1, 1, 1, 1, 1, 1, 1, 1, 1, 1, 1, 1, 1, 1, 1, 1, 1, 
1, 1, 1, 1, 1, 1, 1, 1, 1, 1, 1, 1, 1, 1, 1, 1, 1, 1, 1, 1, 1, 1, 1, 1, NA, NA, 
1, 1, 1, 1, 1, 1, 1, 1, 1, 1, 1, 1, 1, 1, 1, 1, 1, 1, 1, 1, 1, NA, 1, 1, 1, 1, 
1, 1, 1, 1, 1, 1, 1, 1, 1, 1, 1, 1, 1, 1, 1, 1, 1, NA, NA, 1, 1, 1, 1, 1, 1, 1, 
1, 1, 1, 1, 1, 1, 1, 1, 1, 1, 1, 1, 1, 1, 1, 1, 1, 1, 1, 1, 1, 1, 1, 1, 1, 1, 
1, 1, 1, 1, 1, 1, 1, 1, 1, 1, 1, 1, 1, 1, 1, 1, 1, 1, 1, 1, 1, 1, 1, 1, 1, 1, 
NA, 1, 1, 1, 1, 1, 1, 1, 1, 1, 1, 1, 1, 1, 1, 1, 1, 1, 1, 1, 1, 1, 1, 1, 1, 1, 
1, 1, 1, 1, 1, 1, 1, 1, 1, 1, 1, 1, 1, 1, 1, 1, 1, 1, 1, 1, 1, 1, 1, 1, 1, 1, 
1, 1, 1, 1, 1, 1, 1, 1, 1, 1, 1, 1, 1, 1, 1, 1, 1, 1, 1, 1, 1, 1, 1, 1, 1, 1, 
1, 1, 1, 1, NA, 1, 1, 1, 1, 1, 1, 1, 1, 1, 1, 1, 1, 1, 1, 1, 1, 1, 1, 1, 1, 1, 
1, 1, 1, 1, 1, 1, 1, 1, 1, 1, 1, 1, 1, 1, 1, 1, 1, 1, 1, 1, 1, 1, NA, NA, 1, 
NA, 1, 1, 1, 1, 1, 1, NA, NA, NA, 1, 1, 1, 1, 1, 1, 1, 1, 1) , OCS 
= structure(.Data = c( 0, NA, NA, NA, 0, NA, NA, NA, 0, NA, NA, NA, 1, NA, NA, 
NA, 1, NA, NA, NA, 1, NA, NA, NA, 0, 1, 0, NA, 1, 0, NA, NA, 0, NA, NA, NA, 1, 
1, NA, NA, 1, NA, NA, NA, 0, 0, NA, NA, 0, NA, NA, NA, 0, 1, 0, NA, 0, NA, NA, 
NA, 1, 0, 0, 1, 1, 1, NA, NA, 0, NA, NA, NA, 0, NA, NA, NA, 0, NA, NA, NA, 1, 
0, 0, NA, 0, NA, NA, NA, 1, NA, NA, NA, 0, NA, NA, NA, 1, NA, NA, NA, 0, NA, 
NA, NA, 0, NA, NA, NA, 0, 0, NA, NA, 0, 0, NA, NA, 0, 0, 0, NA, 0, 0, NA, NA, 
0, 0, NA, NA, 0, NA, NA, NA, 0, NA, NA, NA, 0, 0, NA, NA, 0, 0, NA, NA, 0, 0, 
0, NA, 0, NA, NA, NA, 0, NA, NA, NA, 1, 0, 0, NA, 0, NA, NA, NA, 0, NA, NA, NA, 
0, NA, NA, NA, 0, NA, NA, NA, 0, 0, 0, 0, 0, 1, NA, NA, 0, 0, NA, NA, 0, NA, 
NA, NA, 0, 1, NA, NA, 0, NA, NA, NA, 0, NA, NA, NA, 0, NA, NA, NA, 1, 1, NA, 
NA, 0, 1, NA, NA, 0, 0, 0, NA, 0, NA, NA, NA, 1, NA, NA, NA, 0, NA, NA, NA, 0, 
NA, NA, NA, 0, 0, 0, NA, 0, NA, NA, NA, 0, NA, NA, NA, 0, NA, NA, NA, 0, 0, NA, 
NA, 0, 0, NA, NA, 1, NA, NA, NA, 0, NA, NA, NA, 1, NA, NA, NA, 0, 1, NA, NA, 0, 
NA, NA, NA, 1, 1, NA, NA, 0, NA, NA, NA, 0, NA, NA, NA, 0, NA, NA, NA, 0, NA, 
NA, NA, 0, NA, NA, NA, 0, 0, NA, NA, 1, NA, NA, NA, 0, NA, NA, NA, 1, NA, NA, 
NA, 0, NA, NA, NA, 0, NA, NA, NA, 0, 0, 0, NA, 1, NA, NA, NA, 0, 0, NA, NA, 0, 
NA, NA, NA, 0, 0, 0, NA), .Dim=c( 87, 4 )) , sveg = c( 0, 0, 0, 0, 0, 0, 0, 0) 
, rmon = c( 0, 0, 0, 0, 0, 0, 0, 0, 0, 0, 0, 0) )
