list( gbar = -0.949512 , gtemp = 0.1592125 , grain = 0.8534917 , sbar = 
-0.945299 , sgnat = -1.739798 , sgpad = -0.4745464 , sfpc = 0.3999442 , srden = 
1.569887 , selev = -1.985706 , sbd = 1.770942 , sclay = 0.9798997 , spaw = 
-1.112718 , saut = 2.890434 , rbar = -0.2973464 , vsig = 3.779773 , msig = 
2.931205 , OCG = c( 1, 1, 1, 1, 1, 1, 1, 1, 1, 1, 1, 1, 1, 1, 1, 1, 1, 1, 1, 1, 
1, 1, 1, 1, 1, 1, 1, 1, 1, 1, 1, 1, 1, 1, 1, 1, 1, 1, 1, 1, 1, 1, 1, 1, 1, 1, 
1, 1, 1, 1, 1, 1, 1, 1, 1, 1, 1, 1, 1, 1, 1, 1, 1, 1, 1, 1, 1, 1, 1, 1, 1, 1, 
1, 1, 1, 1, 1, 1, 1, 1, 1, 1, 1, 1, 1, 1, 1, 1, 1, 1, 1, 1, 1, 1, 1, 1, 1, 1, 
1, 1, 1, 1, 1, 1, 1, 1, 1, 1, 1, 1, 1, 1, 1, 1, 1, 1, 1, 1, 1, 1, 1, 1, 1, 1, 
1, 1, 1, 1, 1, 1, 1, 1, 1, 1, 1, 1, 1, 1, 1, 1, 1, 1, 1, 1, 1, 1, 1, 1, 1, 1, 
1, 1, 1, 1, 1, 1, 1, 1, 1, 1, 1, 1, 1, 1, 1, 1, 1, 1, 1, 1, 1, 1, 1, 1, 1, 1, 
1, 1, 1, 1, 1, 1, 1, 1, 1, 1, 1, 1, 1, 1, 1, 1, 1, 1, 1, 1, 1, 1, 1, 1, 1, 1, 
1, 1, 1, 1, 1, 1, 1, 1, 1, 1, 1, 1, 1, 1, 1, 1, 1, 1, 1, 1, 1, 1, 1, 1, 1, 1, 
1, 1, 1, 1, 1, 1, 1, 1, 1, 1, 1, 1, 1, 1, 1, 1, 1, 1, 1, 1, 1, 1, 1, 1, 1, 1, 
1, 1, 1, 1, 1, 1, 1, 1, 1, 1, 1, 1, 1, 1, 1, 1, 1, 1, 1, 1, 1, 1, 1, 1, 1, 1, 
1, 1, 1, 1, 1, 1, 1, 1, 1, 1, 1, 1, 1, 1, 1, NA, 1, 1, NA, 1, 1, 1, 1, 1, 1, 1, 
1, 1, 1, 1, NA, 1, 1, 1, 1, 1, 1, 1, 1, 1, 1, 1, 1, 1, 1, 1, 1, 1, 1, 1, 1, 1, 
1, 1, 1, 1, 1, 1, 1, 1, 1, 1, 1, 1, 1, 1, 1, 1, 1, 1, 1, 1, 1, 1, 1, 1, 1, 1, 
1, 1, 1, 1, 1, NA, 1, 1, 1, 1, 1, 1, 1, 1, 1, 1, 1, 1, 1, 1, 1, 1, 1, 1, 1, 1, 
1, 1, 1, 1, 1, 1, 1, 1, 1, 1, 1, 1, 1, 1, 1, 1, 1, 1, 1, 1, 1, 1, 1, 1, 1, 1, 
1, 1, 1, 1, 1, 1, 1, 1, 1, 1, 1, 1, 1, 1, 1, 1, 1, 1, 1, 1, 1, 1, 1, 1, 1, 1, 
1, 1, 1, 1, 1, 1, 1, 1, 1, 1, 1, 1, NA, 1, NA, 1, 1, 1, NA, 1, 1, 1, 1, 1, 1, 
1, 1, 1, 1, 1, 1, 1, 1, 1, 1, NA, 1, 1, NA, NA, 1, 1, 1, 1, 1, 1, 1, 1, 1, 1, 
1, 1, 1, 1, 1, 1, 1, 1, NA, 1, NA, 1, 1, 1, 1, 1, 1, 1, 1, 1, 1, 1, 1, 1, NA, 
1, 1, 1, 1, 1, 1, 1, 1, 1, 1, 1, 1, 1, 1, 1, 1, 1, 1, 1, 1, NA, NA, 1, 1, 1, 1, 
NA, 1, 1, 1, NA, 1, 1, 1, 1, 1, 1, 1, 1, 1, 1, 1, NA, 1, 1, 1, 1, 1, 1, 1, 1, 
1, 1, 1, 1, 1, 1, 1, 1, 1, 1, 1, 1, 1, 1, 1, 1, 1, 1, 1, 1, 1, NA, 1, 1, 1, 1, 
1, 1, 1, 1, 1, 1, 1, 1, 1, 1, 1, 1, NA, 1, 1, 1, 1, 1, 1, NA, 1, 1, 1, 1, 1, 1, 
1, 1, 1, 1, 1, 1, 1, 1, NA, 1, NA, 1, 1, 1, NA, 1, 1, 1, 1, 1, 1, 1, 1, 1, 1, 
1, 1, 1, 1, 1, 1, 1, 1, 1, 1, 1, 1, 1, 1, 1, 1, 1, 1, 1, NA, 1, 1, 1, 1, 1, 1, 
1, 1, 1, 1, 1, 1, 1, 1, NA, 1, NA, 1, 1, 1, 1, 1, 1, 1, 1, 1, 1, 1, 1, 1, 1, 1, 
1, NA, 1, 1, 1, 1, NA, NA, NA, 1, 1, 1, 1, 1, 1, 1, 1, 1, 1, 1, 1, 1, 1, 1, 1, 
NA, 1, NA, 1, 1, NA, NA, 1, 1, 1, 1, 1, 1, 1, 1, NA, 1, 1, 1, 1, 1, 1, 1, 1, 1, 
1, 1, 1, NA, NA, 1, 1, 1, NA, NA, 1, 1, 1, NA, 1, 1, 1, NA, 1, 1, 1, 1, 1, 1, 
1, 1, 1, 1, 1, 1, 1, 1, 1, 1, 1, 1, 1, 1, 1, NA, NA, 1, 1, 1, 1, 1, NA, 1, 1, 
1, 1, 1, 1, 1, 1, 1, 1, 1, 1, 1, 1, 1, 1, 1, 1, NA, NA, 1, NA, 1, 1, 1, 1, 1, 
1, 1, 1, 1, 1, 1, 1, 1, 1, 1, 1, 1, 1, 1, 1, 1, 1, 1, 1, 1, 1, 1, 1, NA, 1, 1, 
1, 1, 1, 1, 1, 1, 1, 1, 1, 1, 1, 1, 1, 1, 1, 1, 1, 1, 1, 1, 1, NA, 1, 1, 1, 1, 
NA, 1, 1, 1, 1, 1, 1, 1, 1, 1, 1, 1, 1, 1, 1, 1, 1, 1, 1, 1, NA, NA, 1, 1, 1, 
1, NA, NA, 1, 1, 1, 1, 1, 1, 1, 1, 1, 1, 1, 1, 1, 1, 1, 1, NA, 1, 1, 1, 1, 1, 
NA, 1, 1, NA, 1, 1, 1, 1, 1, 1, 1, 1, 1, 1, 1, 1, 1, 1, 1, 1, 1, 1, 1, 1, 1, 1, 
1, 1, 1, NA, NA, 1, 1, 1, 1, 1, 1, 1, 1, 1, 1, 1, 1, 1, 1, 1, 1, 1, 1, 1, 1, 1, 
1, 1, 1, 1, 1, 1, 1, 1, 1, 1, 1, 1, 1, 1, 1, 1, 1, 1, 1, 1, 1, 1, 1, 1, 1, 1, 
1, 1, 1, 1, 1, 1, 1, 1, 1, 1, 1, 1, 1, 1, 1, 1, 1, 1, 1, 1, 1, 1, 1, 1, 1, 1, 
1, 1, 1, 1, 1, 1, 1, 1, 1, 1, 1, 1, 1, 1, 1, 1, 1, 1, 1, 1, 1, 1, 1, 1, 1, 1, 
1, 1, 1, 1, 1, NA, NA, 1, 1, 1, 1, 1, 1, 1, 1, 1, 1, 1, 1, NA, 1, 1, 1, 1, 1, 
1, NA, 1, 1, 1, 1, 1, 1, 1, 1, 1, 1, 1, 1, 1, 1, 1, 1, 1, 1, NA, NA, 1, 1, 1, 
1, 1, 1, 1, NA, NA, 1, 1, 1, 1, 1, 1, 1, 1, 1, 1, 1, 1, 1, 1, 1, 1, 1, 1, 1, 1, 
1, 1, 1, 1, 1, 1, 1, 1, 1, NA, 1, NA, 1, 1, 1, 1, 1, 1, 1, 1, 1, 1, 1, 1, 1, 1, 
1, 1, 1, 1, 1, NA, 1, 1, 1, 1, 1, NA, 1, 1, 1, 1, 1, 1, 1, 1, 1, 1, 1, 1, 1, 1, 
1, 1, 1, 1, 1, 1, 1, 1, 1, 1, 1, 1, 1, 1, 1, 1, 1, 1, 1, 1, 1, 1, 1, 1, 1, 1, 
1, 1, 1, 1, 1, 1, 1, 1, 1, NA, 1, 1, 1, 1, 1, 1, 1, 1, 1, 1, 1, 1, 1, 1, 1, 1, 
1, NA, 1, 1, NA, NA, 1, 1, 1, 1, 1, 1, 1, 1, 1, 1, 1, 1, 1, 1, 1, NA, 1, 1, 1, 
1, 1, NA, 1, 1, 1, 1, 1, 1, 1, 1, 1, 1, 1, 1, 1, 1, 1, 1, 1, 1, 1, 1, 1, NA, 1, 
1, 1, 1, 1, 1, 1, 1, 1, 1, 1, 1, 1, 1, 1, 1, 1, 1, 1, 1, 1, 1, 1, 1, 1, 1, 1, 
1, 1, 1, 1, 1, 1, 1, 1, 1, 1, 1, 1, 1, 1, 1, 1, 1, 1, 1, 1, 1, 1, 1, 1, 1, 1, 
1, 1, 1, 1, 1, 1, 1, 1, 1, 1, 1, 1, 1, 1, 1, 1, 1, 1, 1, 1, 1, 1, 1, 1, 1, 1, 
1, 1, 1, 1, 1, 1, 1, 1, 1, 1, 1, 1, 1, 1, 1, 1, 1, 1, 1, 1, 1, 1, 1, 1, 1, 1, 
1, 1, 1, NA, 1, 1, 1, 1, 1, 1, 1, NA, 1, 1, 1, 1, 1, 1, 1, NA, NA, 1, 1, 1, 1, 
1, 1, 1, NA, NA, 1, 1, 1, 1, 1, 1, 1, NA, NA, 1, 1, 1, 1, 1, 1, NA, 1, 1, 1, 1, 
1, NA, 1, 1, 1, 1, 1, 1, 1, 1, 1, 1, 1, 1, 1, 1, 1, 1, NA, 1, 1, 1, 1, 1, 1, 1, 
1, 1, 1, 1, NA, 1, 1, NA, 1, 1, 1, 1, 1, 1, 1, 1, NA, NA, 1, 1, 1, 1, 1, 1, 1, 
1, 1) , OCS = structure(.Data = c( 0, NA, NA, NA, 0, NA, NA, NA, 0, NA, NA, NA, 
0, NA, NA, NA, 1, NA, NA, NA, 0, NA, NA, NA, 0, 0, 0, NA, 0, 0, NA, NA, 0, NA, 
NA, NA, 0, 0, NA, NA, 0, NA, NA, NA, 0, 0, NA, NA, 0, NA, NA, NA, 0, 0, 0, NA, 
0, NA, NA, NA, 0, 0, 0, 0, 0, 0, NA, NA, 1, NA, NA, NA, 0, NA, NA, NA, 0, NA, 
NA, NA, 1, 0, 0, NA, 1, NA, NA, NA, 0, NA, NA, NA, 0, NA, NA, NA, 1, NA, NA, 
NA, 0, NA, NA, NA, 0, NA, NA, NA, 0, 0, NA, NA, 0, 0, NA, NA, 0, 0, 0, NA, 0, 
0, NA, NA, 0, 0, NA, NA, 0, NA, NA, NA, 0, NA, NA, NA, 0, 0, NA, NA, 1, 0, NA, 
NA, 0, 0, 0, NA, 0, NA, NA, NA, 1, NA, NA, NA, 1, 1, 1, NA, 0, NA, NA, NA, 0, 
NA, NA, NA, 0, NA, NA, NA, 0, NA, NA, NA, 0, 0, 0, 0, 0, 0, NA, NA, 1, 1, NA, 
NA, 0, NA, NA, NA, 1, 0, NA, NA, 0, NA, NA, NA, 0, NA, NA, NA, 1, NA, NA, NA, 
1, 0, NA, NA, 0, 0, NA, NA, 0, 0, 0, NA, 0, NA, NA, NA, 0, NA, NA, NA, 0, NA, 
NA, NA, 0, NA, NA, NA, 0, 0, 0, NA, 1, NA, NA, NA, 0, NA, NA, NA, 0, NA, NA, 
NA, 0, 0, NA, NA, 0, 0, NA, NA, 0, NA, NA, NA, 0, NA, NA, NA, 0, NA, NA, NA, 0, 
0, NA, NA, 1, NA, NA, NA, 0, 0, NA, NA, 0, NA, NA, NA, 0, NA, NA, NA, 0, NA, 
NA, NA, 1, NA, NA, NA, 0, NA, NA, NA, 0, 1, NA, NA, 0, NA, NA, NA, 0, NA, NA, 
NA, 0, NA, NA, NA, 1, NA, NA, NA, 0, NA, NA, NA, 0, 0, 0, NA, 0, NA, NA, NA, 0, 
0, NA, NA, 0, NA, NA, NA, 0, 0, 0, NA), .Dim=c( 87, 4 )) , gdbar = -0.4168786 , 
gdres = 1.336307 , gdsig = 2.416193 , sveg = c( 0, 0, 0, 0, 0, 0, 0, 0) , rmon 
= c( 0, 0, 0, 0, 0, 0, 0, 0, 0, 0, 0, 0) )
